state_county_fip
01000
01001
01003
01005
01007
01009
01011
01013
01015
01017
01019
01021
01023
01025
01027
01029
01031
01033
01035
01037
01039
01041
01043
01045
01047
01049
01051
01053
01055
01057
01059
01061
01063
01065
01067
01069
01071
01073
01075
01077
01079
01081
01083
01085
01087
01089
01091
01093
01095
01097
01099
01101
01103
01105
01107
01109
01111
01113
01115
01117
01119
01121
01123
01125
01127
01129
01131
01133
04000
04001
04003
04005
04007
04009
04011
04012
04013
04015
04017
04019
04021
04023
04025
04027
05000
05001
05003
05005
05007
05009
05011
05013
05015
05017
05019
05021
05023
05025
05027
05029
05031
05033
05035
05037
05039
05041
05043
05045
05047
05049
05051
05053
05055
05057
05059
05061
05063
05065
05067
05069
05071
05073
05075
05077
05079
05081
05083
05085
05087
05089
05091
05093
05095
05097
05099
05101
05103
05105
05107
05109
05111
05113
05115
05117
05119
05121
05123
05125
05127
05129
05131
05133
05135
05137
05139
05141
05143
05145
05147
05149
06000
06001
06003
06005
06007
06009
06011
06013
06015
06017
06019
06021
06023
06025
06027
06029
06031
06033
06035
06037
06039
06041
06043
06045
06047
06049
06051
06053
06055
06057
06059
06061
06063
06065
06067
06069
06071
06073
06075
06077
06079
06081
06083
06085
06087
06089
06091
06093
06095
06097
06099
06101
06103
06105
06107
06109
06111
06113
06115
08000
08001
08003
08005
08007
08009
08011
08013
08015
08017
08019
08021
08023
08025
08027
08029
08031
08033
08035
08037
08039
08041
08043
08045
08047
08049
08051
08053
08055
08057
08059
08061
08063
08065
08067
08069
08071
08073
08075
08077
08079
08081
08083
08085
08087
08089
08091
08093
08095
08097
08099
08101
08103
08105
08107
08109
08111
08113
08115
08117
08119
08121
08123
08125
19000
19001
19003
19005
19007
19009
19011
19013
19015
19017
19019
19021
19023
19025
19027
19029
19031
19033
19035
19037
19039
19041
19043
19045
19047
19049
19051
19053
19055
19057
19059
19061
19063
19065
19067
19069
19071
19073
19075
19077
19079
19081
19083
19085
19087
19089
19091
19093
19095
19097
19099
19101
19103
19105
19107
19109
19111
19113
19115
19117
19119
19121
19123
19125
19127
19129
19131
19133
19135
19137
19139
19141
19143
19145
19147
19149
19151
19153
19155
19157
19159
19161
19163
19165
19167
19169
19171
19173
19175
19177
19179
19181
19183
19185
19187
19189
19191
19193
19195
19197
20000
20001
20003
20005
20007
20009
20011
20013
20015
20017
20019
20021
20023
20025
20027
20029
20031
20033
20035
20037
20039
20041
20043
20045
20047
20049
20051
20053
20055
20057
20059
20061
20063
20065
20067
20069
20071
20073
20075
20077
20079
20081
20083
20085
20087
20089
20091
20093
20095
20097
20099
20101
20103
20105
20107
20109
20111
20113
20115
20117
20119
20121
20123
20125
20127
20129
20131
20133
20135
20137
20139
20141
20143
20145
20147
20149
20151
20153
20155
20157
20159
20161
20163
20165
20167
20169
20171
20173
20175
20177
20179
20181
20183
20185
20187
20189
20191
20193
20195
20197
20199
20201
20203
20205
20207
20209
21000
21001
21003
21005
21007
21009
21011
21013
21015
21017
21019
21021
21023
21025
21027
21029
21031
21033
21035
21037
21039
21041
21043
21045
21047
21049
21051
21053
21055
21057
21059
21061
21063
21065
21067
21069
21071
21073
21075
21077
21079
21081
21083
21085
21087
21089
21091
21093
21095
21097
21099
21101
21103
21105
21107
21109
21111
21113
21115
21117
21119
21121
21123
21125
21127
21129
21131
21133
21135
21137
21139
21141
21143
21145
21147
21149
21151
21153
21155
21157
21159
21161
21163
21165
21167
21169
21171
21173
21175
21177
21179
21181
21183
21185
21187
21189
21191
21193
21195
21197
21199
21201
21203
21205
21207
21209
21211
21213
21215
21217
21219
21221
21223
21225
21227
21229
21231
21233
21235
21237
21239